0.3879932550217333,0.008171122477515346,-6.424497865298603,0.03163908141215628
0.3879932635914125,0.00817112243868702,-6.424497795343654,0.03163908107548978
0.387993255051752,0.008171122477378523,-6.424497865054773,0.03163908141098068
0.3879932530487575,0.008171122486436363,-6.424497881432746,0.03163908148976247
0.3879932521649007,0.008171122490431863,-6.424497888662025,0.03163908152453375
0.3879932444277749,0.008171122525388281,-6.424497951976184,0.03163908182901696
0.3879932513334771,0.008171122494150179,-6.424497895525302,0.03163908155745469
0.3879932564824317,0.008171122470905765,-6.424497853361123,0.03163908135472511
0.3879932373123335,0.008171122556476087,-6.424498011858177,0.03163908211462652
0.3879932542595109,0.008171122480906259,-6.424497871618824,0.03163908144243249
0.387993241761764,0.008171122537451468,-6.424497973764563,0.03163908193383982
0.3879932532473271,0.008171122485539519,-6.424497879807518,0.03163908148194716
0.3879932556081445,0.008171122474859623,-6.424497860509605,0.03163908138911118
0.3879932528504529,0.008171122487330148,-6.424497883059195,0.03163908149757946
0.3879932676338901,0.008171122420419159,-6.424497762269535,0.03163908091642464
0.3879932549713941,0.008171122477742487,-6.424497865711098,0.03163908141413923
0.3879932549344698,0.008171122477907683,-6.424497866015777,0.03163908141560068
0.3879932532226246,0.008171122485650086,-6.424497880010927,0.03163908148292318
0.3879932507242574,0.00817112249694401,-6.42449790044579,0.03163908158121016
0.3879932549707726,0.008171122477745138,-6.424497865716495,0.03163908141416463
0.3879932450007598,0.008171122522773196,-6.424497947328414,0.0316390818066067
0.3879932624921878,0.008171122443601551,-6.424497804419977,0.03163908111902292
0.3879932442157631,0.008171122526272239,-6.424497953826449,0.03163908183774986
0.3879932518559089,0.008171122491829984,-6.424497891187348,0.03163908153668281
0.3879932549188694,0.008171122477974274,-6.42449786614938,0.03163908141623442
0.3879932552567126,0.008171122476452394,-6.424497863377693,0.03163908140291528
0.3879932649167351,0.008171122432562719,-6.424497784711699,0.03163908102405488
0.3879932425621474,0.008171122524900895,-6.42449798116578,0.03163908194946753
0.387993238812606,0.008171122550775184,-6.424497997898858,0.03163908204990239
0.3879932519219982,0.008171122491531957,-6.424497890645421,0.03163908153407788
0.3879932560023714,0.008171122473074558,-6.424497857289973,0.03163908137361901
0.3879932533588352,0.008171122485027688,-6.424497878907307,0.03163908147760024
0.3879932629863854,0.008171122441439112,-6.424497800265883,0.03163908109920272
0.3879932427488229,0.008171122532638953,-6.424497966238324,0.03163908189685665
0.3879932368866658,0.008171122559153258,-6.424498014164041,0.03163908212740053
0.3879932557054642,0.008171122474162282,-6.424497860115787,0.03163908138664157
0.3879932673949456,0.008171122421378227,-6.424497764412924,0.03163908092646316
0.3879932583146271,0.008171122462555821,-6.424497838480756,0.03163908128300285
0.3879932553133238,0.008171122475653755,-6.424497863761924,0.03163908140354987
0.3879932520935256,0.008171122490750997,-6.424497889251383,0.0316390815273604
0.387993252247406,0.008171122490056257,-6.424497887991386,0.03163908152130207
0.3879932527811524,0.008171122487646178,-6.42449788362126,0.03163908150028884
0.3879932460531176,0.008171122517864983,-6.424497938956876,0.03163908176600365
0.3879932402606736,0.008171122544117322,-6.424497986229442,0.03163908199352503
0.3879932499004452,0.00817112249991778,-6.424497908355708,0.03163908161757772
0.3879932688806995,0.00817112241469276,-6.424497752212495,0.03163908086785103
0.3879932420059197,0.008171122536351163,-6.424497971762343,0.03163908192421713
0.3879932533885455,0.008171122484899393,-6.424497878655264,0.03163908147640138
0.3879932565368166,0.008171122470659186,-6.424497852917567,0.03163908135259008
0.3879932520334596,0.008171122491025577,-6.424497889737843,0.03163908152970717
0.3879932550453281,0.008171122477407625,-6.424497865107189,0.03163908141123299
0.3879932548899249,0.008171122478110936,-6.424497866377292,0.03163908141734368
0.387993258102576,0.008171122463575316,-6.424497840119829,0.03163908129102264
0.3879932517015106,0.00817112249252768,-6.424497892450329,0.03163908154275692
0.3879932578700809,0.008171122464575954,-6.424497842100585,0.03163908130043727
0.3879932560150154,0.008171122473019155,-6.424497857183724,0.03163908137311179
0.3879932525731443,0.008171122488584329,-6.424497885326367,0.03163908150848525
0.3879932519026976,0.008171122490967275,-6.424497891821465,0.03163908153827688
0.3879932555338659,0.008171122475198337,-6.424497861112537,0.03163908139201785
0.3879932531179775,0.008171122486124069,-6.424497880865627,0.03163908148703604
0.387993266667766,0.008171122424129177,-6.424497771198057,0.031639080957899
0.3879932560973184,0.008171122472649993,-6.424497856506209,0.03163908136985967
0.3879932513291582,0.008171122494211758,-6.424497895495065,0.03163908155740337
0.3879932553207615,0.008171122476160406,-6.42449786285765,0.03163908140040861
0.3879932515551345,0.008171122493188795,-6.424497893648827,0.03163908154852012
0.3879932553279782,0.008171122476129214,-6.424497862796573,0.0316390814001179
0.3879932641116552,0.008171122436316782,-6.424497791117435,0.03163908105512122
0.3879932558510011,0.008171122473764201,-6.42449785851961,0.03163908137954542
0.3879932507451772,0.008171122496244222,-6.424497901219853,0.03163908158358026
0.3879932631473416,0.008171122440716062,-6.424497798942271,0.03163908109284674
0.3879932585964347,0.008171122461159759,-6.424497836366382,0.03163908127256025
0.3879932550340547,0.008171122477459354,-6.424497865198495,0.03163908141167399
0.3879932552879494,0.008171122476307715,-6.4244978631277,0.03163908140170513
0.3879932522391324,0.008171122490092718,-6.424497888060411,0.03163908152163201
0.3879932549261466,0.008171122477622897,-6.424497866587432,0.03163908141762948
0.3879932547773187,0.00817112247803844,-6.424497868206231,0.03163908142484029
0.3879932679054164,0.008171122418573502,-6.424497761014102,0.03163908090900419
0.3879932552110127,0.008171122476656292,-6.424497863755806,0.03163908140472805
0.3879932532096771,0.008171122485709521,-6.424497880115414,0.03163908148342777
0.3879932518244294,0.008171122491970556,-6.424497891447748,0.03163908153793158
0.3879932529187338,0.008171122486992978,-6.424497882544834,0.03163908149504182
0.3879932377274206,0.008171122555635056,-6.4244980068464,0.03163908209283589
0.3879932564402367,0.008171122471087804,-6.424497853720045,0.03163908135643199
0.3879932593487702,0.008171122457589544,-6.424497830477286,0.03163908124385645
0.3879932547596872,0.008171122478571628,-6.424497867642167,0.03163908142314123
0.3879932475576217,0.008171122511194985,-6.424497926446449,0.03163908170612464
0.3879932580080973,0.008171122463926759,-6.424497841010867,0.03163908129513925
0.3879932674198389,0.008171122421394729,-6.424497764007755,0.03163908092480289
0.3879932598571798,0.008171122455598433,-6.424497825839126,0.03163908122223481
0.3879932521446818,0.008171122490523342,-6.424497888827524,0.03163908152533002
0.3879932548747708,0.008171122478177679,-6.424497866503829,0.03163908141794848
0.3879932549752345,0.008171122477725673,-6.424497865678926,0.03163908141398553
0.387993246072497,0.008171122517839734,-6.424497938701069,0.03163908176491295
0.387993266588075,0.008171122425203561,-6.424497770734653,0.03163908095726681
0.3879932662370023,0.008171122426685044,-6.424497773771323,0.03163908097163672
0.3879932551674801,0.008171122476854139,-6.424497864110212,0.03163908140643501
0.38799325069067,0.008171122496906848,-6.424497901015814,0.03163908158352931
0.3879932496410186,0.008171122501740936,-6.424497909462019,0.0316390816243531
0.3879932404999863,0.008171122542749919,-6.424497984718087,0.03163908198561725
0.387993255885554,0.008171122473501406,-6.424497858403297,0.03163908137874742
0.3879932534735148,0.00817112248451617,-6.424497877958515,0.03163908147305207
0.3879932488403566,0.008171122505358647,-6.424497916013385,0.03163908165585962
0.3879932549199349,0.00817112247797566,-6.424497866131021,0.03163908141616026
0.3879932656956124,0.008171122429053461,-6.424497778322625,0.03163908099335092
0.3879932549707606,0.008171122477741053,-6.424497865722747,0.03163908141418562
0.3879932528379591,0.008171122487386754,-6.424497883160653,0.03163908149806761
0.3879932659827629,0.008171122427829488,-6.424497775858628,0.0316390809816654
0.3879932621284909,0.008171122444719375,-6.424497808216475,0.03163908113610665
0.3879932490774579,0.00817112250424348,-6.424497914141885,0.03163908164676134
0.3879932620115075,0.008171122445690661,-6.424497808482183,0.03163908113837382
0.3879932553430828,0.008171122476001531,-6.424497862765766,0.03163908139983709
0.387993247834073,0.008171122509835656,-6.424497924356405,0.03163908169582693
0.3879932532107691,0.008171122485703381,-6.42449788010882,0.03163908148339325
0.3879932530368572,0.008171122486491073,-6.424497881528558,0.03163908149022535
0.3879932553582267,0.008171122475990325,-6.424497862552391,0.03163908139893887
0.3879932657493249,0.008171122428899105,-6.424497777745231,0.03163908099077142
0.3879932701552971,0.008171122409048704,-6.424497741603194,0.03163908081708598
0.3879932514422476,0.008171122493582185,-6.424497894754538,0.03163908155357704
0.387993245592012,0.008171122520106561,-6.424497942483033,0.03163908178331523
0.3879932523913948,0.008171122489280078,-6.424497887009603,0.03163908151629994
0.3879932557849474,0.00817112247402456,-6.424497859119606,0.03163908138234557
0.3879932671720036,0.008171122422567208,-6.424497765953648,0.03163908093427869
0.3879932527057787,0.008171122487988,-6.42449788423647,0.03163908150325045
0.3879932575037068,0.008171122465906577,-6.42449784560543,0.03163908131656661
0.3879932525215515,0.008171122488820303,-6.424497885743738,0.03163908151049884
0.3879932383326901,0.008171122552868891,-6.424498001942947,0.03163908206918414
0.3879932555914195,0.008171122474935516,-6.424497860646056,0.03163908138976819
0.3879932402901597,0.008171122543373356,-6.424497986941622,0.03163908199558513
0.387993252896678,0.008171122487124647,-6.42449788267559,0.03163908149574213
0.3879932686627726,0.00817112241575354,-6.424497753876866,0.0316390808760254
0.3879932550895998,0.008171122477207939,-6.424497864744567,0.03163908140949002
0.387993251744608,0.008171122492330119,-6.424497892102583,0.0316390815410782
0.3879932525883672,0.008171122488519311,-6.424497885195731,0.03163908150786564
0.3879932686167741,0.008171122416012144,-6.424497754173798,0.03163908087756679
0.3879932644375427,0.008171122434878676,-6.424497788397328,0.03163908104211673
0.3879932575599815,0.0081711224656889,-6.424497845087648,0.03163908131415844
0.3879932531770889,0.00817112248585666,-6.424497880382246,0.03163908148471074
0.3879932548682103,0.008171122478208195,-6.424497866556089,0.03163908141820168
0.3879932550238754,0.008171122477505727,-6.424497865281102,0.03163908141207221
0.3879932533430802,0.008171122485098119,-6.424497879037673,0.03163908147822531
0.3879932570215561,0.008171122468271187,-6.424497849260018,0.03163908133455803
0.3879932681553577,0.008171122417815707,-6.424497758388732,0.03163908089720849
0.3879932437499394,0.008171122528458976,-6.424497957510352,0.03163908185564993
0.3879932514018995,0.008171122493880001,-6.424497894904437,0.03163908155455591
0.3879932551435077,0.008171122476963088,-6.424497864305263,0.03163908140737436
0.3879932554482068,0.008171122475565137,-6.424497861845103,0.03163908139549565
0.3879932587695313,0.00817112246033772,-6.424497835012403,0.03163908126595948
0.3879932552216086,0.008171122476609439,-6.424497863667476,0.03163908140430532
0.3879932583215025,0.008171122462441097,-6.424497838554995,0.03163908128317293
0.3879932417746797,0.008171122537333918,-6.42449797375126,0.03163908193364355
0.3879932646221474,0.008171122434066402,-6.424497786852479,0.03163908103473616
0.3879932525507991,0.008171122488687977,-6.424497885504969,0.03163908150935017
0.3879932636735439,0.008171122437650918,-6.424497795710139,0.03163908107576596
0.3879932406592828,0.008171122542420551,-6.424497982804884,0.0316390819772889
0.3879932639262452,0.008171122437072959,-6.424497792762057,0.03163908106284823
0.3879932407596254,0.008171122541886176,-6.424497982110283,0.03163908197376736
0.3879932549250977,0.008171122477951907,-6.42449786608934,0.0316390814159586
0.387993252743763,0.008171122487813993,-6.424497883929345,0.03163908150176808
0.3879932672747303,0.008171122422089845,-6.424497765133864,0.03163908093030678
0.3879932560954192,0.008171122472482218,-6.424497856796963,0.03163908137086364
0.3879932558976257,0.008171122473397395,-6.424497858381901,0.03163908137853402
0.3879932538959471,0.008171122482376303,-6.424497874863091,0.03163908145764882
0.3879932549112675,0.008171122478008904,-6.424497866211132,0.03163908141653211
0.3879932478036952,0.008171122510134412,-6.424497924352629,0.03163908169616976
0.3879932584390857,0.00817112246197531,-6.424497837490499,0.03163908127820012
0.387993252513409,0.00817112248885825,-6.424497885808712,0.03163908151081417
0.3879932682539581,0.008171122417170227,-6.424497757894416,0.03163908089438444
0.3879932433762849,0.008171122530098376,-6.424497960644315,0.03163908187061222
0.3879932557080358,0.008171122474368232,-6.424497859754933,0.03163908138539239
0.3879932553990076,0.008171122475807405,-6.424497862216604,0.03163908139732688
0.3879932654627246,0.008171122430229074,-6.424497780035645,0.03163908100186469
0.3879932530303134,0.008171122486517978,-6.424497881586365,0.03163908149049716
0.3879932622489403,0.008171122444650018,-6.424497806489101,0.03163908112886056
0.3879932520453737,0.008171122490972139,-6.424497889639828,0.03163908152923665
0.3879932530408945,0.008171122486472601,-6.424497881495872,0.03163908149006751
0.3879932688440428,0.008171122414987663,-6.424497752310371,0.03163908086861049
0.3879932554779156,0.008171122475451424,-6.42449786157032,0.03163908139422019
0.3879932666530155,0.008171122424808507,-6.424497770362237,0.03163908095524885
0.3879932551090475,0.008171122477119951,-6.424497864585309,0.03163908140872371
0.3879932520674791,0.008171122490873569,-6.424497889456872,0.03163908152835946
0.3879932440299019,0.008171122527191764,-6.424497955222942,0.03163908184464421
0.3879932511677857,0.008171122494724408,-6.424497897152937,0.03163908156489238
0.387993254841098,0.008171122478329388,-6.424497866779974,0.0316390814192755
0.3879932473219468,0.008171122511709712,-6.424497929233819,0.03163908171830027
0.3879932526298175,0.00817112248819378,-6.424497885072663,0.03163908150696462
0.3879932549464831,0.008171122477853237,-6.424497865917433,0.0316390814151274
0.3879932553717764,0.00817112247593144,-6.424497862437716,0.03163908139839242
0.387993255190328,0.008171122476752252,-6.42449786392107,0.03163908140552852
0.3879932515484826,0.008171122493213293,-6.424497893711811,0.03163908154881071
0.387993254992388,0.008171122477643513,-6.424497865545595,0.03163908141333417
0.3879932578677736,0.008171122464490576,-6.424497842268721,0.0316390813010318
0.3879932549025297,0.008171122478054243,-6.424497866273798,0.03163908141684652
0.3879932530181829,0.008171122486575071,-6.424497881681985,0.03163908149096244
0.3879932385508593,0.008171122551349247,-6.424498000991001,0.03163908206341279
0.387993263848444,0.00817112243757928,-6.424497793156892,0.03163908106509306
0.3879932531878025,0.008171122485802675,-6.424497880303477,0.03163908148431947
0.387993253483425,0.008171122484470592,-6.424497877878851,0.03163908147266713
0.3879932555700408,0.008171122475035068,-6.424497860816389,0.03163908139059404
0.3879932530524547,0.00817112248641782,-6.424497881405351,0.03163908148962657
0.3879932505900572,0.008171122497505035,-6.424497901614724,0.03163908158673042
0.3879932551049814,0.008171122477134663,-6.424497864624426,0.03163908140890372
0.3879932474003736,0.008171122511605636,-6.424497928201312,0.03163908171389403
0.3879932528896416,0.008171122487156929,-6.424497882732115,0.03163908149601499
0.3879932524512206,0.008171122489135816,-6.424497886322989,0.03163908151327956
0.3879932589035837,0.008171122459916746,-6.424497833627244,0.03163908125971088
0.3879932514272767,0.008171122493264189,-6.42449789547913,0.03163908155619981
0.3879932526169986,0.008171122488388534,-6.424497884963623,0.03163908150674608
0.3879932624176646,0.008171122443999619,-6.424497804933756,0.0316390811216308
0.3879932520228349,0.008171122491068373,-6.424497889833001,0.03163908153015309
0.3879932526144703,0.008171122488393535,-6.424497884994279,0.03163908150687902
0.387993253158374,0.008171122485941202,-6.424497880535583,0.03163908148544821
0.3879932526525885,0.008171122488225267,-6.424497884676235,0.03163908150535858
0.3879932554790408,0.008171122475445701,-6.42449786156175,0.0316390813941774
0.3879932451185352,0.008171122522108219,-6.424497946572356,0.03163908180267383
0.3879932550609415,0.008171122477336831,-6.424497864979868,0.03163908141062025
0.387993252498896,0.00817112248892132,-6.424497885931409,0.03163908151139826
0.3879932688028197,0.008171122415145147,-6.424497752692714,0.03163908087038507
0.3879932550568854,0.008171122477355342,-6.424497865012653,0.03163908141077818
0.3879932533482356,0.008171122485079153,-6.424497878988744,0.03163908147799965
0.3879932523585273,0.008171122489352733,-6.424497887396488,0.03163908151799104
0.3879932449693494,0.00817112252292731,-6.424497947566564,0.03163908180777936
0.3879932669220767,0.008171122423178802,-6.424497768806861,0.03163908094684358
0.3879932541379573,0.008171122481438422,-6.42449787263978,0.03163908144730455
0.3879932550481157,0.008171122477195633,-6.424497865395814,0.03163908141217536
0.3879932550526848,0.008171122476919817,-6.424497865756994,0.03163908141334229
0.3879932569370927,0.008171122468215374,-6.424497850634271,0.03163908134018942
0.3879932514319128,0.008171122493250284,-6.424497895430417,0.0316390815559812
0.3879932552164397,0.008171122476632337,-6.424497863710309,0.03163908140451038
0.3879932613092589,0.008171122448375225,-6.424497814991144,0.03163908116858503
0.3879932568728889,0.008171122467417606,-6.42449785285803,0.03163908134845294
0.3879932399746085,0.00817112254541609,-6.424497988560542,0.03163908200474966
0.3879932502833421,0.00817112249882496,-6.424497904227594,0.03163908159914906
0.3879932548927867,0.008171122478027561,-6.424497866463661,0.03163908141760171
0.3879932513686793,0.00817112249403106,-6.424497895174598,0.03163908155585753
0.3879932401272839,0.008171122544573129,-6.424497987550277,0.03163908199954917
0.3879932317711569,0.008171122568706611,-6.424498077196637,0.03163908240023102
0.3879932552048777,0.008171122476685768,-6.424497863803358,0.03163908140496054
0.3879932654969238,0.008171122430085649,-6.42449777973858,0.03163908100046091
0.3879932560571974,0.008171122472830252,-6.424497856835925,0.03163908137144292
0.3879932522814762,0.008171122489906301,-6.424497887706538,0.0316390815199412
0.3879932694332555,0.008171122412220122,-6.424497747653829,0.03163908084598122
0.3879932504851781,0.008171122497966287,-6.424497902492757,0.03163908159092466
0.3879932607816435,0.008171122451412625,-6.424497818288298,0.03163908118590197
0.3879932518666848,0.008171122491782784,-6.424497891097039,0.03163908153625186
0.3879932452799776,0.008171122520982961,-6.4244979458693,0.03163908179840808
0.3879932526570469,0.00817112248819357,-6.424497884657708,0.0316390815052436
0.3879932556965264,0.008171122474462555,-6.424497859783104,0.03163908138562246
0.3879932516889055,0.008171122492021017,-6.424497893433719,0.03163908154622658
0.3879932507652497,0.008171122496726963,-6.424497900160203,0.03163908157976584
0.3879932421498542,0.008171122535616681,-6.424497970715863,0.03163908191899638
0.3879932551239516,0.008171122477049294,-6.424497864468968,0.03163908140815708
0.387993256107033,0.008171122472605367,-6.424497856427685,0.03163908136948027
0.3879932438117507,0.008171122527982791,-6.424497957312067,0.03163908185425583
0.3879932575981249,0.008171122465725853,-6.424497844448643,0.03163908131155301
0.3879932679500232,0.008171122418716766,-6.424497760110996,0.03163908090543151
0.3879932549548876,0.00817112247781724,-6.424497865845803,0.03163908141478735
0.3879932550724094,0.008171122477285891,-6.424497864884486,0.03163908141016346
0.3879932541943338,0.008171122481155736,-6.424497872222251,0.03163908144523392
0.3879932522038014,0.008171122490250302,-6.424497888352626,0.03163908152303267
0.387993263292813,0.008171122440010642,-6.42449779782708,0.03163908108737566
0.3879932535369966,0.008171122484229408,-6.424497877439113,0.03163908147055439
0.3879932550381168,0.008171122477439452,-6.424497865167575,0.03163908141152175
0.3879932521733592,0.008171122490391277,-6.424497888596608,0.03163908152421366
0.3879932529278387,0.008171122486983897,-6.424497882420473,0.03163908149451523
0.3879932556943018,0.00817112247447309,-6.424497859800518,0.03163908138570727
0.3879932550983837,0.008171122477167312,-6.424497864674024,0.03163908140914842
0.3879932555320028,0.0081711224742393,-6.424497862638714,0.03163908139719536
0.3879932555384369,0.008171122475176502,-6.424497861077279,0.03163908139184569
0.3879932529242759,0.008171122486999048,-6.424497882451195,0.03163908149466101
0.3879932624208891,0.008171122444001904,-6.42449780488087,0.03163908112141388
0.3879932627426521,0.008171122442504321,-6.424497802316725,0.031639081108985
0.3879932520533853,0.008171122490937727,-6.424497889571722,0.03163908152891309
0.3879932601805052,0.008171122454017432,-6.42449782338123,0.0316390812101459
0.3879932570218012,0.008171122468468316,-6.424497848948631,0.0316390813335037
0.3879932692997197,0.008171122412886216,-6.424497748648193,0.03163908085090349
0.3879932422844343,0.008171122534068329,-6.424497971082623,0.03163908191865891
0.3879932580951393,0.008171122463611551,-6.424497840176677,0.03163908129130195
0.3879932579123888,0.008171122464378755,-6.424497841763407,0.03163908129880219
0.387993246978296,0.00817112251377076,-6.424497931252009,0.03163908172914212
0.3879932472961535,0.00817112251243618,-6.424497928492715,0.03163908171609908
0.3879932647974962,0.008171122433192518,-6.424497785545507,0.03163908102826805
0.3879932565985708,0.008171122469712605,-6.424497853454707,0.03163908135368127
0.3879932583654568,0.008171122462366249,-6.424497838002275,0.03163908128079151
0.3879932537328427,0.008171122483256127,-6.424497875974444,0.03163908146331296
0.3879932384075109,0.008171122552554774,-6.424498001292996,0.03163908206611196
0.387993255172645,0.008171122476832592,-6.424497864065023,0.03163908140622163
0.3879932647840491,0.008171122433349116,-6.424497785505353,0.03163908102828911
0.3879932588859724,0.008171122459954612,-6.424497833836107,0.03163908126062215
0.3879932522768851,0.008171122489926085,-6.424497887745439,0.03163908152012611
0.3879932684094887,0.008171122416795828,-6.424497756108948,0.03163908088653167
0.3879932660810788,0.008171122427263484,-6.424497775243703,0.03163908097843583
0.3879932605663524,0.008171122452286692,-6.424497820203948,0.03163908119489414
0.3879932532590931,0.008171122485479826,-6.424497879721503,0.03163908148151914
0.3879932525765835,0.008171122488571802,-6.424497885293329,0.03163908150833317
0.3879932521362981,0.008171122490558411,-6.424497888900561,0.03163908152567486
0.387993268411135,0.008171122416943025,-6.424497755853896,0.0316390808856504
0.3879932482590234,0.008171122507899165,-6.42449792090484,0.03163908167919103
0.3879932519156142,0.008171122491553332,-6.424497890709519,0.03163908153436959
0.3879932542945283,0.008171122480661701,-6.424497871466626,0.03163908144150762
0.3879932686819614,0.008171122415542879,-6.424497753912974,0.03163908087592198
0.3879932554264072,0.008171122475661607,-6.424497862026909,0.03163908139636543
0.3879932676841872,0.00817112241992733,-6.424497762271068,0.03163908091584073
0.3879932471225366,0.008171122512898905,-6.424497930415694,0.03163908172462811
0.3879932502741913,0.008171122498927269,-6.424497904206971,0.03163908159918595
0.3879932580758741,0.008171122463030457,-6.424497841377686,0.03163908129558482
0.3879932525815532,0.00817112248855041,-6.424497885251013,0.03163908150813199
0.3879932611500361,0.0081711224497545,-6.42449781526401,0.03163908117137196
0.3879932668964945,0.008171122423776702,-6.424497768263259,0.03163908094530718
0.3879932516867278,0.008171122492595297,-6.424497892570217,0.03163908154333523
0.3879932360732599,0.008171122562245616,-6.424498021730244,0.0316390821624851
0.3879932532145218,0.008171122485687757,-6.424497880075594,0.03163908148323653
0.3879932556739576,0.008171122474564068,-6.424497859968575,0.03163908138651345
0.3879932532929472,0.008171122485332331,-6.424497879435938,0.03163908148015786
0.3879932552010644,0.008171122476703867,-6.424497863833086,0.03163908140510551
0.3879932524487876,0.008171122489150135,-6.424497886337475,0.03163908151335668
0.3879932534676273,0.008171122484539696,-6.424497878011598,0.03163908147330065
0.3879932573760535,0.008171122466862087,-6.424497846058657,0.03163908131959269
0.3879932481386907,0.008171122508587762,-6.424497921663406,0.03163908168316296
0.3879932380532474,0.0081711225541342,-6.424498004225045,0.03163908208016522
0.3879932618805458,0.008171122446083898,-6.424497809863774,0.03163908114457455
0.3879932548833176,0.008171122477995462,-6.424497866658321,0.03163908141837055
0.387993264256347,0.008171122435675462,-6.424497789913968,0.03163908104936135
0.3879932491806105,0.008171122503928742,-6.42449791306159,0.03163908164190415
0.3879932597213735,0.008171122456229279,-6.424497826923653,0.03163908122748905
0.3879932570654094,0.008171122468269239,-6.424497848594676,0.03163908133179681
0.3879932474804442,0.008171122508176729,-6.424497932335531,0.03163908172692192
0.3879932548626603,0.008171122478233196,-6.424497866601798,0.0316390814184216
0.3879932550845104,0.008171122477227856,-6.424497864790919,0.03163908140970589
0.3879932531456882,0.008171122485998685,-6.424497880639324,0.0316390814859473
0.3879932705835019,0.008171122407105881,-6.424497738111894,0.03163908080027765
0.3879932534798387,0.00817112248448819,-6.42449787790595,0.03163908147280058
0.3879932625692633,0.008171122443262702,-6.424497803774518,0.03163908111593977
0.387993255868828,0.008171122473682117,-6.424497858376123,0.03163908137885167
0.3879932612915162,0.008171122448952727,-6.424497814360166,0.03163908116666215
0.3879932581503427,0.00817112246321566,-6.424497839953734,0.03163908128990262
0.3879932535135496,0.008171122484333647,-6.424497877633585,0.0316390814714857
0.3879932629113518,0.008171122441595116,-6.424497801165314,0.03163908110311917
0.3879932533495424,0.008171122484926177,-6.424497879207266,0.03163908147872208
0.3879932533222661,0.008171122485200162,-6.424497879195405,0.03163908147900187
0.3879932617213565,0.008171122445806443,-6.424497812722972,0.03163908115609748
0.387993253380829,0.00817112248493169,-6.424497878722179,0.03163908147671722
0.3879932532295235,0.008171122485617731,-6.424497879956826,0.03163908148266027
0.3879932534072378,0.008171122484813328,-6.424497878504424,0.0316390814756722
0.3879932375026187,0.008171122555185548,-6.424498010973734,0.03163908210941015
0.3879932551070954,0.008171122477128298,-6.424497864602255,0.03163908140880412
0.38799325010725,0.008171122499739024,-6.424497905483728,0.03163908160545453
0.3879932554586627,0.008171122475537246,-6.424497861729703,0.03163908139498404
0.3879932549674406,0.008171122477758338,-6.424497865746403,0.03163908141430447
0.3879932530398639,0.008171122486477587,-6.424497881503813,0.03163908149010673
0.3879932552380479,0.008171122476536469,-6.424497863531002,0.03163908140365201
0.3879932581846635,0.008171122463188589,-6.424497839472917,0.03163908128787605
0.3879932534856926,0.008171122484461139,-6.424497877858951,0.03163908147257316
0.3879932386817924,0.008171122551075809,-6.424497999422748,0.03163908205658192
0.3879932564299706,0.00817112246928949,-6.42449785668458,0.0316390813665663
0.3879932636336942,0.008171122437436092,-6.424497796652659,0.03163908107941633
0.3879932531776326,0.008171122485854145,-6.424497880377964,0.03163908148468983
0.3879932561790335,0.008171122472276601,-6.424497855844011,0.03163908136666545
0.3879932547710345,0.008171122478640845,-6.42449786736146,0.03163908142206044
0.3879932528363604,0.00817112248739767,-6.424497883168288,0.03163908149811254
0.3879932496350583,0.008171122501681826,-6.424497909645041,0.03163908162504083
0.3879932395149273,0.008171122547561334,-6.424497992215372,0.03163908202247884
0.3879932550197634,0.0081711224775231,-6.424497865316558,0.03163908141224
0.3879932490760579,0.008171122504196531,-6.424497914236603,0.03163908164709776
0.3879932554031468,0.008171122475789922,-6.424497862180912,0.03163908139715792
0.38799325489328,0.008171122478095498,-6.424497866350004,0.03163908141721185
0.387993266967771,0.008171122423436476,-6.424497767708295,0.03163908094259758
0.3879932553900726,0.008171122475849115,-6.424497862287582,0.03163908139767105
0.387993261125003,0.008171122449852372,-6.424497815492403,0.03163908117243627
0.3879932532918111,0.008171122485153729,-6.424497879732087,0.0316390814811715
0.387993256030528,0.008171122472758115,-6.424497857354655,0.03163908137350715
0.3879932532123715,0.008171122485696236,-6.424497880094979,0.03163908148332695
0.3879932530502371,0.008171122486425368,-6.424497881427575,0.03163908148972791
0.3879932588943671,0.008171122459628566,-6.42449783421743,0.03163908126181222
0.3879932554164567,0.008171122475728333,-6.424497862074253,0.03163908139664193
0.3879932617259751,0.008171122446935563,-6.424497810889429,0.03163908114984961
0.387993255339324,0.0081711224760776,-6.424497862704457,0.03163908139967423
0.3879932526208321,0.008171122488371938,-6.424497884931257,0.03163908150659206
0.3879932583202215,0.008171122462544238,-6.424497838413279,0.03163908128270889
0.3879932450286885,0.008171122522445057,-6.424497947415416,0.03163908180657389
0.3879932522547806,0.008171122490026973,-6.424497887924355,0.0316390815209888
0.3879932553632421,0.008171122475969293,-6.424497862508676,0.03163908139873228
0.3879932492385254,0.0081711225036642,-6.424497912592221,0.03163908163964052
0.3879932535075371,0.00817112248436231,-6.424497877680664,0.03163908147171549
0.3879932373307378,0.008171122556754555,-6.424498011143084,0.03163908211199571
0.3879932534552553,0.008171122484598323,-6.424497878108516,0.03163908147377263
0.3879932638789091,0.008171122437369074,-6.424497793021073,0.03163908106427789
0.3879932548881059,0.008171122478119498,-6.424497866391466,0.03163908141741286
0.3879932549373687,0.008171122477896873,-6.424497865988294,0.03163908141547366
0.3879932472078615,0.008171122512635061,-6.424497929527364,0.03163908172062805
0.3879932619001557,0.008171122446357412,-6.424497809137989,0.03163908114189341
0.3879932382745269,0.008171122553159748,-6.424498002374831,0.03163908207132402
0.3879932556437694,0.008171122474699052,-6.424497860217659,0.03163908138770812
0.3879932555649714,0.008171122475057909,-6.424497860858025,0.03163908139079397
0.3879932565936936,0.008171122470342643,-6.424497852545289,0.03163908135066652
0.387993258838883,0.008171122460051363,-6.424497834402863,0.03163908126308839
0.3879932515987691,0.008171122492990049,-6.424497893294526,0.03163908154681253
0.387993255950858,0.008171122473310722,-6.424497857706132,0.03163908137562804
0.3879932534431492,0.008171122484653568,-6.424497878206697,0.031639081474246
0.3879932386185019,0.008171122551639725,-6.424497999506903,0.03163908205760785
0.3879932379732572,0.008171122554002829,-6.424498005649056,0.03163908208591214
0.387993256928679,0.008171122468808415,-6.424497849836277,0.03163908133759246
0.3879932562517473,0.008171122471909039,-6.424497855309838,0.03163908136400939
0.3879932563169533,0.008171122471656772,-6.424497854710088,0.03163908136121979
0.3879932394604161,0.008171122547365066,-6.424497993352375,0.03163908202695806
0.3879932569950463,0.008171122468497433,-6.424497849310378,0.0316390813350383
0.3879932692701646,0.008171122412625305,-6.424497749506004,0.03163908085414728
0.3879932534269261,0.008171122484722486,-6.42449787834617,0.03163908147490713
0.3879932644967369,0.008171122434619364,-6.424497787899952,0.03163908103974291
0.3879932550675688,0.00817112247730762,-6.424497864924406,0.03163908141035501
0.3879932640973043,0.00817112243599157,-6.424497791843976,0.03163908105774373
0.3879932535139022,0.00817112248433333,-6.424497877628919,0.03163908147146612
0.3879932553813917,0.008171122475886833,-6.424497862361003,0.03163908139802099
0.3879932516394535,0.008171122492638854,-6.424497893222609,0.03163908154609261
0.387993256600588,0.008171122469948184,-6.42449785305598,0.03163908135231062
0.3879932517620339,0.008171122491897843,-6.424497892511825,0.03163908154225619
0.3879932408102729,0.008171122541557538,-6.424497981851779,0.03163908197230127
0.3879932511471214,0.008171122495034456,-6.424497896983821,0.03163908156456344
0.387993246715948,0.008171122514706815,-6.424497933787949,0.03163908174078064
0.3879932524837907,0.008171122488991836,-6.424497886051624,0.03163908151198153
0.387993259653677,0.008171122456308029,-6.424497827831917,0.0316390812313494
0.3879932586603931,0.008171122460988717,-6.42449783565888,0.03163908126942113
0.3879932607397926,0.00817112245164826,-6.424497818557789,0.0316390811873019
0.3879932500200284,0.008171122500085426,-6.424497906271941,0.03163908160913859
0.3879932518996631,0.008171122491421884,-6.424497891157791,0.03163908153607023
0.3879932522089843,0.008171122490235031,-6.424497888297811,0.03163908152278724
0.3879932554861706,0.008171122475413945,-6.424497861502899,0.03163908139389533
0.3879932435629048,0.008171122528939562,-6.424497959609946,0.03163908186493231
0.3879932644572624,0.00817112243474463,-6.424497788306001,0.03163908104157695
0.3879932608078753,0.008171122451036362,-6.424497818475636,0.03163908118622698
0.3879932666289346,0.008171122424777235,-6.424497770777831,0.0316390809569345
0.3879932535545336,0.008171122484150129,-6.424497877295671,0.03163908146986433
0.3879932557752904,0.008171122474034061,-6.424497859251934,0.03163908138290576
0.3879932637251756,0.008171122438108913,-6.424497794208214,0.03163908107008791
0.3879932693748305,0.00817112241237735,-6.42449774829849,0.03163908084884299
0.3879932663075801,0.008171122426390445,-6.424497773155598,0.03163908096872976
0.3879932552983787,0.008171122476263492,-6.424497863037864,0.03163908140127959
0.3879932600051979,0.008171122454922988,-6.424497824637957,0.03163908121644335
0.3879932559408362,0.008171122473355476,-6.424497857789008,0.03163908137602524
0.3879932529593212,0.008171122486841584,-6.424497882162723,0.03163908149327546
0.3879932514277633,0.008171122493435153,-6.42449789520527,0.03163908155526969
0.3879932557506183,0.008171122474190733,-6.424497859383075,0.03163908138363738
0.3879932561189992,0.008171122472243031,-6.424497856811033,0.03163908137063499
0.3879932534692541,0.008171122484533716,-6.424497877996252,0.03163908147322977
0.3879932507293798,0.008171122496880014,-6.424497900467747,0.03163908158122455
0.3879932671472762,0.008171122422426161,-6.424497766550623,0.03163908093658494
0.387993250529998,0.008171122497827164,-6.424497902026776,0.03163908158882573
0.3879932532991172,0.008171122485304211,-6.424497879385378,0.03163908147991427
0.3879932531154483,0.008171122486130826,-6.424497880893569,0.03163908148716003
0.3879932600030755,0.008171122454889723,-6.42449782472245,0.0316390812167538
0.3879932531243592,0.00817112248609451,-6.424497880814701,0.0316390814867897
0.3879932530463865,0.008171122486446025,-6.424497881453821,0.03163908148986143
0.3879932549709367,0.008171122477578374,-6.424497865974399,0.03163908141503411
0.3879932637351698,0.008171122438109,-6.424497794055805,0.03163908106945594
0.3879932528838167,0.008171122487180351,-6.424497882784201,0.03163908149625903
0.3879932553684698,0.008171122475946372,-6.424497862465,0.03163908139852363
0.3879932552131525,0.008171122476649365,-6.424497863733896,0.03163908140462869
0.3879932522861888,0.008171122489886133,-6.424497887665761,0.03163908151974747
0.3879932587478783,0.008171122460285325,-6.424497835424148,0.03163908126760382
0.387993254551829,0.008171122479214848,-6.424497869805291,0.03163908143288269
0.387993269669509,0.008171122410985287,-6.424497745981772,0.03163908083756602
0.3879932559230628,0.008171122473435485,-6.424497857934835,0.03163908137672603
0.387993255834781,0.008171122473601241,-6.424497859021333,0.03163908138143028
0.3879932549256818,0.008171122477926026,-6.424497866121069,0.03163908141605924
0.3879932553604454,0.008171122475857625,-6.424497862725726,0.03163908139949819
0.3879932447547073,0.008171122523843668,-6.424497949406637,0.03163908181650901
0.38799324898999,0.00817112250404111,-6.424497915790592,0.0316390816533547
0.387993262966451,0.008171122441455621,-6.424497800543837,0.03163908110037505
0.387993253111901,0.008171122486147746,-6.424497880921174,0.03163908148729461
0.3879932525190964,0.008171122488832,-6.424497885762975,0.03163908151059272
0.3879932521656833,0.008171122490430172,-6.424497888652708,0.03163908152449269
0.3879932533315314,0.008171122485158236,-6.424497879119637,0.03163908147863742
0.3879932505644736,0.008171122497610319,-6.424497901840324,0.03163908158779234
0.3879932604640164,0.008171122452854085,-6.42449782087753,0.03163908119836806
0.3879932528641949,0.008171122487272049,-6.424497882940381,0.0316390814970169
0.387993255555555,0.008171122475099747,-6.424497860936192,0.03163908139116846
0.3879932525566331,0.008171122488660847,-6.424497885458273,0.03163908150912395
0.3879932400644661,0.008171122544828199,-6.424497988109403,0.03163908200217364
0.3879932644861259,0.008171122434708732,-6.424497787922019,0.03163908103994162
0.3879932642178284,0.008171122435879107,-6.424497790183116,0.03163908105072195
0.3879932515441505,0.008171122493231646,-6.424497893749364,0.0316390815489884
0.3879932406603633,0.008171122541466633,-6.424497984277821,0.03163908198225146
0.3879932531954847,0.008171122485770781,-6.42449788023641,0.03163908148400323
0.3879932701087432,0.008171122409203256,-6.424497742071359,0.03163908081921287
0.3879932524177353,0.008171122489286179,-6.42449788659833,0.03163908151460157
0.3879932615533749,0.008171122447971779,-6.424497811901658,0.03163908115529046
0.3879932648063482,0.00817112243316109,-6.424497785459081,0.03163908102787173
0.3879932567979698,0.008171122469269862,-6.424497851107804,0.03163908134341875
0.3879932530618658,0.008171122485922677,-6.424497882035274,0.0316390814916445
0.3879932551032868,0.008171122477146393,-6.424497864631871,0.03163908140894864
0.3879932680013777,0.008171122418625897,-6.424497759469853,0.03163908090266342
0.3879932511415545,0.008171122494433308,-6.424497898007412,0.03163908156808658
0.3879932632627281,0.008171122439926633,-6.424497798416597,0.03163908108971936
0.3879932689370954,0.00817112241447013,-6.424497751700679,0.03163908086546138
0.387993253196421,0.008171122485768786,-6.424497880225013,0.03163908148395343
0.3879932692300793,0.008171122413239144,-6.424497749158238,0.03163908085344176
0.3879932550726987,0.008171122477284909,-6.424497864881916,0.03163908141015181
0.387993254934432,0.00817112247790687,-6.424497866017524,0.03163908141560701
0.3879932549186061,0.008171122477981685,-6.424497866142003,0.03163908141621291
0.3879932642976342,0.008171122435415219,-6.424497789691547,0.03163908104812705
0.3879932449825271,0.008171122522535946,-6.424497947976777,0.03163908180901048
0.3879932549612468,0.008171122477788988,-6.424497865792999,0.03163908141453445
0.3879932533631051,0.008171122485016018,-6.424497878860628,0.03163908147739251
0.3879932608176396,0.00817112245128904,-6.424497817932767,0.03163908118427941
0.3879932552944839,0.008171122476281432,-6.424497863069247,0.03163908140143126
0.3879932556057608,0.008171122474872748,-6.424497860525666,0.03163908138919386
0.387993245832935,0.008171122518745614,-6.424497940937034,0.03163908177527158
0.3879932549214368,0.008171122477964627,-6.424497866125123,0.03163908141612228
0.3879932527762605,0.008171122487667016,-6.424497883663426,0.03163908150048897
0.3879932492248518,0.008171122503672721,-6.42449791278692,0.03163908164045799
0.387993258379405,0.008171122461744205,-6.424497838761024,0.03163908128319112
0.3879932571904057,0.008171122467651363,-6.424497847654631,0.03163908132715733
0.3879932550385886,0.008171122477436973,-6.424497865164184,0.03163908141150467
0.387993253148893,0.008171122485984009,-6.424497880613398,0.03163908148582224
0.3879932567171732,0.008171122469829139,-6.424497851465685,0.03163908134557392
0.3879932634319347,0.008171122438873173,-6.424497797483296,0.03163908108458539
0.3879932568398144,0.008171122469289645,-6.424497850438987,0.03163908134066891
0.3879932560022149,0.008171122473079266,-6.424497857284876,0.03163908137360343
0.3879932550016311,0.008171122477606286,-6.424497865463284,0.03163908141294822
0.3879932551108333,0.008171122477112288,-6.424497864570272,0.0316390814086525
0.3879932474393852,0.008171122511751139,-6.424497927379695,0.03163908171066196
0.3879932533268152,0.008171122485180149,-6.424497879157512,0.03163908147882079
0.3879932554571094,0.008171122475543975,-6.424497861742632,0.03163908139504547
0.387993250110965,0.008171122499719756,-6.424497905457052,0.03163908160532081
0.3879932538580569,0.008171122481989491,-6.424497876044447,0.03163908146208316
0.3879932591904668,0.008171122458567525,-6.424497831362593,0.03163908124870139
0.38799326948597,0.008171122411799835,-6.424497747506531,0.03163908084486566
0.3879932524157897,0.008171122488850616,-6.424497887307941,0.03163908151702122
0.3879932532075078,0.008171122485715202,-6.424497880139848,0.03163908148353614
0.3879932489101038,0.008171122504831563,-6.424497915773621,0.03163908165423302
0.3879932508751009,0.008171122496240758,-6.42449789924558,0.03163908157538971
0.3879932617772526,0.008171122446900703,-6.424497810162329,0.03163908114679283
0.3879932576346693,0.008171122465670958,-6.424497843977443,0.03163908130953332
0.3879932529048177,0.008171122487086766,-6.424497882610636,0.03163908149542725
0.3879932476654434,0.008171122510692448,-6.42449792558829,0.0316390817019632
0.387993265012077,0.008171122431926839,-6.424497784251768,0.03163908102138453
0.3879932643569365,0.008171122435237887,-6.424497789064739,0.03163908104531507
0.3879932582098847,0.008171122463055479,-6.42449783929654,0.03163908128698504
0.3879932538350869,0.008171122482620226,-6.424497875409592,0.03163908146020782
0.387993261428547,0.00817112244850219,-6.42449781297516,0.03163908116037788
0.3879932526395608,0.008171122488286687,-6.424497884778829,0.03163908150585761
0.3879932465784356,0.008171122515600534,-6.424497934487939,0.03163908174475583
0.3879932561324587,0.008171122472485724,-6.424497856226798,0.03163908136850347
0.3879932645861938,0.00817112243408743,-6.424497787367351,0.03163908103689601
0.3879932560007165,0.008171122473083992,-6.42449785730029,0.03163908137367294
0.3879932555878776,0.008171122474953687,-6.424497860671874,0.03163908138989725
0.3879932561489672,0.00817112247241388,-6.4244978560876,0.03163908136784034
0.3879932670575788,0.008171122423059415,-6.424497766928827,0.03163908093891299
0.3879932633325999,0.008171122439891442,-6.424497797406842,0.03163908108549025
0.3879932667940749,0.008171122424125602,-6.424497769278878,0.03163908094993691
0.3879932416417246,0.008171122537900472,-6.42449797489266,0.03163908193905637
0.3879932517095869,0.008171122492490527,-6.424497892385604,0.03163908154244408
0.3879932649794108,0.00817112243243147,-6.424497783961508,0.03163908102078643
0.3879932650357201,0.008171122432057023,-6.424497783688306,0.03163908101920451
0.3879932504705296,0.008171122498074286,-6.424497902547204,0.03163908159128005
0.3879932525314513,0.008171122488774737,-6.42449788566419,0.0316390815101146
0.3879932643274253,0.00817112243493264,-6.424497789990886,0.03163908104878905
0.3879932446906949,0.008171122524177017,-6.424497949861386,0.03163908181879459
0.3879932453071915,0.00817112252135725,-6.42449794487035,0.03163908179471521
0.3879932632704107,0.008171122439845829,-6.424497798425702,0.03163908108966037
0.3879932550848006,0.00817112247722613,-6.424497864789234,0.031639081409697
0.3879932550111503,0.008171122477562661,-6.42449786538609,0.03163908141257582
0.3879932554128664,0.008171122475744133,-6.424497862104049,0.03163908139678415
0.3879932518665899,0.008171122491774893,-6.424497891110661,0.03163908153629882
0.387993255710793,0.008171122474397427,-6.424497859667329,0.03163908138506422
0.3879932470476483,0.008171122511807526,-6.424497933260739,0.03163908173511536
0.3879932531400769,0.008171122486024116,-6.424497880684988,0.03163908148616719
0.3879932658393621,0.00817112242856171,-6.424497776900068,0.03163908098686215
0.3879932501311002,0.008171122499411149,-6.424497905632212,0.03163908160567677
0.3879932549951022,0.008171122477635425,-6.42449786551721,0.03163908141320686
0.3879932550104289,0.008171122477559412,-6.42449786540215,0.03163908141263834
0.387993255016817,0.008171122477536409,-6.424497865340835,0.03163908141235645
0.3879932513638606,0.008171122494055771,-6.424497895209619,0.03163908155603233
0.3879932515642472,0.008171122493149208,-6.424497893571825,0.03163908154815336
0.387993253339727,0.008171122485116285,-6.424497879060335,0.03163908147834121
0.3879932534927603,0.008171122484429146,-6.424497877801086,0.03163908147229461
0.3879932509006183,0.008171122495971652,-6.42449789927684,0.03163908157519644
0.3879932555536754,0.008171122475105904,-6.424497860955194,0.03163908139125465
0.3879932548844472,0.008171122478116678,-6.42449786645153,0.03163908141765828
0.3879932562628655,0.008171122471860033,-6.424497855216968,0.03163908136356568
0.3879932470440912,0.008171122513393638,-6.424497930838415,0.03163908172697474
0.38799326500727,0.008171122432260427,-6.42449778380403,0.03163908101992812
0.3879932559456195,0.008171122473106045,-6.42449785810563,0.03163908137703894
0.387993268155312,0.00817112241771638,-6.42449775854479,0.03163908089773666
0.3879932567618676,0.008171122469629087,-6.424497851096815,0.03163908134380412
0.3879932549415102,0.008171122477878004,-6.424497865954775,0.03163908141531221
0.3879932569051199,0.008171122468991059,-6.424497849910166,0.03163908133811789
0.3879932555454962,0.008171122474787624,-6.424497861576792,0.03163908139345017
0.3879932665782072,0.008171122425234857,-6.42449777083656,0.03163908095772722
0.3879932531179887,0.008171122486123941,-6.424497880865768,0.03163908148703676
0.3879932530448553,0.008171122486450882,-6.424497881469572,0.03163908148993265
0.3879932553479151,0.008171122476037955,-6.424497862635036,0.03163908139933853
0.3879932411458327,0.008171122539928483,-6.424497979282146,0.03163908195969112
0.3879932685176851,0.008171122416115053,-6.424497755523093,0.03163908088328525
0.3879932668797822,0.008171122423019024,-6.424497769701127,0.03163908095036004
0.387993264819026,0.008171122433013194,-6.424497785497149,0.03163908102785217
0.3879932532616837,0.008171122485471425,-6.42449787969483,0.03163908148139818
0.3879932543004952,0.008171122480665189,-6.42449787137059,0.03163908144111383
0.3879932669097789,0.008171122423473459,-6.424497768534204,0.03163908094606641
0.3879932631733069,0.00817112244060338,-6.424497798722523,0.03163908109180012
0.3879932414931087,0.008171122538572351,-6.42449797610807,0.03163908194490229
0.3879932477851377,0.008171122510043533,-6.424497924777644,0.0316390816978232
0.3879932550282603,0.008171122477482433,-6.424497865250527,0.03163908141191717
0.3879932549562413,0.008171122477809949,-6.424497865836825,0.03163908141474147
0.3879932461007617,0.008171122517806365,-6.424497938322487,0.0316390817633031
0.387993262304228,0.008171122444568907,-6.424497805773511,0.03163908112579617
0.3879932572670119,0.008171122467353794,-6.424497846952038,0.03163908132388701
0.3879932525465387,0.008171122488704826,-6.424497885543452,0.03163908150952993
0.3879932675687347,0.008171122420447478,-6.424497763218117,0.03163908092039192
0.3879932568644977,0.008171122469164512,-6.424497850258165,0.03163908133976902
0.3879932497664533,0.008171122500754316,-6.424497909091285,0.0316390816216315
0.3879932448776749,0.008171122522630562,-6.42449794942674,0.03163908181513627
0.3879932531562383,0.008171122485950862,-6.424497880552984,0.03163908148553199
0.3879932534089906,0.008171122484805697,-6.424497878489829,0.03163908147560274
0.3879932529811774,0.008171122486742021,-6.424497881985301,0.03163908149242054
0.387993248445888,0.008171122507177995,-6.424497919183462,0.03163908167118784
0.3879932662347627,0.00817112242677134,-6.424497773670748,0.03163908097132316
0.3879932525163527,0.008171122488841855,-6.424497885789343,0.03163908151071389
0.3879932523143803,0.008171122489546391,-6.424497887767318,0.03163908151976148
0.3879932460861873,0.008171122517771866,-6.424497938598332,0.03163908176440542
0.3879932487184665,0.008171122505388775,-6.424497917823675,0.03163908166340235
0.3879932551517471,0.008171122476923386,-6.424497864241857,0.03163908140706391
0.3879932380401253,0.008171122553803594,-6.424498004941027,0.03163908208273719
0.3879932458646351,0.00817112251874955,-6.424497940447767,0.03163908177324734
0.3879932509791784,0.008171122495794136,-6.424497898356772,0.03163908157116812
0.3879932555597947,0.0081711224750807,-6.424497860901184,0.03163908139100027
0.3879932624214204,0.008171122442939934,-6.424497806531287,0.03163908112698337
0.3879932557762261,0.008171122474101469,-6.424497859132543,0.03163908138249168
0.3879932515049681,0.008171122493412423,-6.424497894064007,0.03163908155050997
0.3879932569271126,0.008171122468893267,-6.424497849728008,0.03163908133724537
0.3879932550809483,0.00817112247724525,-6.424497864818344,0.03163908140984075
0.3879932494222897,0.008171122500450302,-6.424497914810527,0.03163908164498198
0.3879932551562261,0.008171122476901584,-6.424497864207706,0.03163908140689622
0.3879932553370333,0.008171122476087299,-6.424497862724016,0.03163908139976685
0.3879932399750161,0.008171122545481297,-6.424497988452229,0.0316390820043786
0.3879932495157086,0.008171122502249262,-6.42449791057774,0.03163908162958921
0.3879932411047179,0.008171122540175298,-6.424497979523425,0.03163908196098808
0.3879932680292377,0.008171122418646679,-6.42449775901288,0.03163908090079365
0.3879932525965768,0.008171122488479123,-6.424497885133385,0.03163908150755879
0.3879932424016207,0.008171122534505771,-6.424497968614268,0.03163908190894914
0.3879932534640693,0.008171122484558903,-6.424497878035629,0.03163908147342321
0.3879932602115848,0.00817112245403436,-6.424497822880828,0.03163908120809107
0.3879932523274256,0.008171122489697888,-6.424497887331558,0.03163908151813584
0.3879932691241497,0.008171122413595171,-6.424497750216796,0.03163908085825867
0.3879932419044196,0.008171122536504084,-6.424497973069805,0.03163908192982193
0.3879932525989634,0.008171122488470928,-6.424497885109973,0.03163908150745185
0.3879932638799093,0.008171122437295579,-6.424497793120416,0.03163908106460131
0.3879932415252862,0.008171122538514507,-6.42449797570788,0.03163908194317343
0.3879932626309696,0.00817112244249951,-6.424497804026078,0.03163908111606715
0.3879932477877754,0.008171122509729874,-6.42449792522693,0.03163908169930973
0.387993255163149,0.008171122476875049,-6.424497864143477,0.03163908140659794
0.3879932436660009,0.008171122528776288,-6.424497958294173,0.03163908185928078
0.3879932433900132,0.008171122530057723,-6.424497960498744,0.03163908186995999
0.3879932410247897,0.008171122540612469,-6.424497980058858,0.03163908196373288
0.3879932532532431,0.0081711224855114,-6.424497879760997,0.03163908148172032
0.387993259416346,0.00817112245712716,-6.424497830169392,0.0316390812420249
0.3879932533668944,0.008171122484994828,-6.424497878836117,0.03163908147726559
0.3879932403503204,0.00817112254368804,-6.424497985533936,0.0316390819901261
0.3879932513355944,0.008171122493976071,-6.424497895764779,0.03163908155823874
0.3879932503228719,0.008171122498683398,-6.424497903846554,0.03163908159739937
0.3879932476525492,0.008171122510015033,-6.424497926842237,0.03163908170634956
0.3879932481074787,0.008171122508155979,-6.424497922813256,0.03163908168741274
0.3879932544620312,0.008171122479444039,-6.424497870815586,0.03163908143734696
0.3879932550625106,0.008171122477330123,-6.42449786496668,0.03163908141055763
0.3879932602775922,0.008171122453719074,-6.42449782236766,0.03163908120558503
0.3879932661439924,0.008171122427039769,-6.424497774634482,0.03163908097564141
0.3879932654930962,0.008171122430056226,-6.424497779842902,0.0316390810008581
0.3879932553674939,0.008171122475949857,-6.424497862474424,0.03163908139856689
0.3879932627211689,0.00817112244266696,-6.424497802390018,0.0316390811094839
0.3879932550020685,0.00817112247760329,-6.424497865460999,0.03163908141293498
0.3879932642101007,0.008171122435674475,-6.424497790620329,0.03163908105228923
0.3879932655255741,0.008171122429781158,-6.424497779777445,0.03163908100025661
0.3879931998952628,0.008171122706164073,-6.424498348283286,0.03163908368925545
0.3879932630822583,0.008171122440936495,-6.424497799589883,0.03163908109579654
0.3879932568400209,0.008171122469273574,-6.424497850460979,0.03163908134074096
0.3879932565089639,0.008171122470781684,-6.424497853150689,0.03163908135370372
0.3879932641557929,0.008171122436008196,-6.424497790926791,0.03163908105396057
0.3879932665845591,0.008171122424774283,-6.424497771458889,0.03163908095975516
0.3879932498746059,0.008171122500598383,-6.424497907686696,0.03163908161562042
0.3879932534563182,0.008171122484594076,-6.424497878098854,0.03163908147372739
0.3879932569972139,0.0081711224680487,-6.424497849978259,0.03163908133726945
0.3879932687186421,0.008171122415536849,-6.424497753363877,0.03163908087363811
0.38799324676054,0.008171122514584831,-6.424497933299288,0.03163908173860848
0.38799325544338,0.008171122475510066,-6.424497862004811,0.03163908139609185
0.3879932620195055,0.008171122445647581,-6.424497808427823,0.03163908113809683
0.3879932560673716,0.008171122472778899,-6.424497856761332,0.03163908137107235
0.3879932524359372,0.008171122489207394,-6.424497886443817,0.03163908151386637
0.3879932696361397,0.008171122411336711,-6.424497745941567,0.03163908083782085
0.3879932533645848,0.008171122485008156,-6.424497878850318,0.03163908147734033
0.3879932534509712,0.008171122484616536,-6.424497878145482,0.03163908147394772
0.3879932529208878,0.00817112248701107,-6.424497882484042,0.03163908149481143
0.3879932269178751,0.008171122594504294,-6.424498110868162,0.0316390825708095
0.3879932556171322,0.008171122474818672,-6.424497860436611,0.03163908138875941
0.3879932600246649,0.008171122454873494,-6.42449782441901,0.03163908121547623
0.387993249933993,0.008171122500169447,-6.424497907451675,0.0316390816141312
0.3879932651877052,0.008171122430942786,-6.424497783111914,0.03163908101547704
0.387993245952971,0.008171122518258836,-6.424497939867925,0.03163908177025436
0.3879932478250381,0.008171122509216274,-6.424497925461099,0.03163908169966427
0.3879932523790708,0.008171122489300976,-6.424497887164458,0.031639081516967
0.3879932410498403,0.00817112254066771,-6.424497979590708,0.03163908196185763
0.387993250339749,0.008171122498642427,-6.424497903652902,0.03163908159654663
0.3879932436577289,0.008171122528501221,-6.424497958849379,0.03163908186125278
0.3879932600868209,0.008171122454464445,-6.424497824110444,0.03163908121370589
0.3879932391395128,0.008171122549297348,-6.424497995225479,0.03163908203704409
0.3879932386575503,0.008171122551351483,-6.424497999361789,0.03163908205666019
0.3879932534887351,0.008171122484447835,-6.424497877833596,0.03163908147245224
0.3879932550920454,0.008171122477194835,-6.424497864727907,0.03163908140940531
0.3879932386245549,0.008171122551536857,-6.424497999575126,0.03163908205776723
0.3879932696692885,0.008171122411177881,-6.424497745684329,0.03163908083656371
0.3879932556522694,0.008171122474662677,-6.42449786014502,0.03163908138736322
0.3879932539854128,0.008171122482130965,-6.424497873882799,0.03163908145328977
0.3879932550026186,0.008171122477601126,-6.42449786545613,0.03163908141291254
0.387993252245022,0.008171122489537717,-6.424497888837331,0.03163908152418764
0.3879932530880782,0.008171122486257317,-6.424497881113192,0.03163908148822252
0.3879932551831787,0.008171122476783036,-6.424497863982022,0.03163908140581795
0.3879932550888225,0.008171122477210767,-6.424497864751891,0.03163908140952364
0.3879932552807769,0.008171122476343117,-6.424497863181886,0.03163908140197248
0.3879932565497275,0.008171122470374789,-6.424497853164673,0.03163908135327302
0.3879932551881779,0.00817112247675765,-6.424497863945589,0.0316390814056367
0.3879932450550229,0.008171122522339919,-6.424497947178519,0.03163908180546549
0.3879932575393571,0.008171122465894852,-6.424497845080374,0.03163908131437544
0.3879932638226558,0.008171122437156366,-6.4244977942101,0.03163908106895254
0.3879932534985528,0.008171122484402457,-6.424497877754666,0.03163908147207043
0.3879932491922248,0.008171122503363513,-6.4244979137671,0.03163908164415116
0.3879932533444361,0.008171122485099869,-6.424497879014357,0.03163908147813086
0.3879932691006074,0.00817112241328072,-6.424497751066331,0.0316390808614038
0.3879932554718509,0.008171122475477625,-6.42449786162162,0.03163908139446388
0.3879932523836946,0.008171122489441926,-6.424497886873887,0.03163908151593101
0.3879932536572858,0.008171122483555908,-6.424497876657812,0.03163908146650621
0.3879932527517437,0.008171122487779922,-6.424497883860743,0.03163908150144255
0.3879932518493082,0.008171122491859834,-6.424497891241391,0.03163908153694286
0.38799325337645,0.008171122484955606,-6.424497878751467,0.03163908147686746
0.3879932577476505,0.008171122463820062,-6.424497845146149,0.03163908131215829
0.3879932454023436,0.008171122520625868,-6.424497944562265,0.03163908179255996
0.3879932500918677,0.008171122499266711,-6.424497906455549,0.03163908160891739
0.3879932549236101,0.008171122477959009,-6.424497866101389,0.03163908141601747
0.387993256423292,0.008171122470908652,-6.424497854258258,0.03163908135844886
0.3879932610387088,0.008171122450288056,-6.424497816126893,0.0316390811755899
0.3879932549708598,0.008171122477745183,-6.424497865715101,0.03163908141415889
0.3879932550183537,0.008171122476922015,-6.424497866276713,0.03163908141550001
0.387993255282854,0.00817112247632963,-6.424497863171325,0.03163908140191243
0.3879932455136968,0.008171122520479796,-6.424497943093829,0.03163908178629597
0.3879932577798719,0.008171122464942166,-6.424497842902968,0.03163908130420343
0.3879932548935264,0.008171122478092416,-6.424497866351315,0.03163908141721383
0.3879932527439342,0.008171122487811268,-6.424497883930631,0.0316390815017698
0.3879932498089295,0.008171122501082033,-6.424497907932421,0.03163908161721982
0.3879932520980586,0.008171122490735394,-6.424497889206824,0.03163908152715703
0.3879932629604402,0.008171122441585176,-6.424497800433132,0.03163908110007153
0.3879932565387192,0.008171122470645229,-6.424497852910268,0.0316390813525428
0.3879932532281113,0.008171122485625532,-6.424497879965857,0.03163908148270685
0.3879932554536419,0.008171122475506058,-6.424497861854671,0.03163908139546442
0.3879932539920923,0.008171122481322235,-6.424497875043832,0.03163908145713337
0.3879932548228028,0.008171122478254,-6.424497867176501,0.03163908142082929
0.3879932620756605,0.008171122445505236,-6.424497807794403,0.03163908113529951
0.3879932552066571,0.008171122476675593,-6.424497863792356,0.03163908140490299
0.3879932634495846,0.008171122438514079,-6.42449779777503,0.03163908108536424
0.3879932422781429,0.008171122534989944,-6.42449796973975,0.03163908191419698
0.3879932698294659,0.008171122410533346,-6.424497744250004,0.03163908082984274
0.3879932700036855,0.00817112240974637,-6.42449774282415,0.0316390808229861
0.3879932698332371,0.00817112241044751,-6.42449774432642,0.03163908083005646
0.3879932557492242,0.008171122474110084,-6.424497859530446,0.03163908138415181
0.3879932533965857,0.008171122484863839,-6.424497878587998,0.03163908147607974
0.3879932576816877,0.008171122465117753,-6.424497844125019,0.03163908130948147
0.3879932523438732,0.008171122489620666,-6.424497887201562,0.0316390815175043
0.3879932428410249,0.008171122532409697,-6.424497965191398,0.03163908189224051
0.3879932438311849,0.008171122528022748,-6.424497956953634,0.03163908185281768
0.3879932389654745,0.008171122549482818,-6.424497997587496,0.03163908204706049
0.3879932498873239,0.008171122500729622,-6.424497907287947,0.03163908161412432
0.3879932697183015,0.008171122411029316,-6.424497745169323,0.03163908083424967
0.3879932547659445,0.008171122478665088,-6.424497867401228,0.03163908142225462
0.3879932531723519,0.008171122485878663,-6.424497880420528,0.03163908148489607
0.3879932609681106,0.008171122450379936,-6.424497817059175,0.0316390811795659
0.387993250953061,0.008171122495906806,-6.424497898579057,0.03163908157222536
0.3879932524013322,0.008171122489364874,-6.424497886725369,0.03163908151522277
0.3879932548898474,0.008171122478110136,-6.424497866379423,0.03163908141735141
0.3879932534469758,0.008171122484636022,-6.424497878176014,0.03163908147409804
0.3879932527335112,0.008171122487860392,-6.424497884013107,0.03163908150217111
0.3879932550647232,0.008171122477319288,-6.424497864949743,0.0316390814104743
0.3879932548753644,0.008171122478175908,-6.424497866497481,0.03163908141791983
0.3879932487533647,0.008171122505832419,-6.424497916599163,0.03163908165885716
0.3879932518051321,0.008171122492059086,-6.424497891603128,0.03163908153868163
0.3879932535867281,0.008171122483862725,-6.424497877253712,0.03163908146934551
0.3879932533942794,0.008171122484874708,-6.424497878606392,0.03163908147616899
0.3879932665546136,0.008171122425340091,-6.424497771031738,0.03163908095866307
0.3879932549086499,0.008171122478025355,-6.424497866225185,0.03163908141661007
0.3879932549159041,0.008171122477993282,-6.424497866164881,0.03163908141632173
0.3879932488637294,0.008171122505143522,-6.424497915993125,0.03163908165551738
0.3879932561049462,0.008171122472469036,-6.424497856672494,0.03163908137033201
0.387993260437842,0.008171122452806587,-6.424497821350213,0.03163908120027076
0.3879932481590079,0.008171122508099355,-6.424497922116407,0.03163908168445513
0.3879932528670639,0.008171122487258204,-6.424497882918006,0.03163908149690743
0.3879932548873406,0.00817112247812306,-6.424497866397449,0.03163908141744173
0.3879932437074858,0.008171122528527605,-6.424497958050002,0.03163908185796974
0.387993256947781,0.008171122468800789,-6.424497849556868,0.03163908133642446
0.3879932548869347,0.008171122478123863,-6.424497866402391,0.03163908141746314
0.3879932557495394,0.008171122473405129,-6.424497860626335,0.03163908138784996
0.3879932513719473,0.008171122493979204,-6.424497895205974,0.03163908155592536
0.3879932549964049,0.008171122477628381,-6.424497865507957,0.03163908141315958
0.3879932480684823,0.008171122508877632,-6.424497922280362,0.03163908168606885
0.3879932551681102,0.008171122476852411,-6.424497864103415,0.03163908140640487
0.3879932535002569,0.008171122484394555,-6.424497877740971,0.03163908147200405
0.3879932540216789,0.008171122481903329,-6.424497873685482,0.03163908145219817
0.3879932615308055,0.008171122448077729,-6.42449781208003,0.03163908115615722
0.3879932585435997,0.008171122461412257,-6.424497836776972,0.03163908127456579
0.3879932606521591,0.008171122451863622,-6.424497819556933,0.03163908119170342
0.3879932553461252,0.008171122475505719,-6.424497863493432,0.03163908140225909
0.3879932554469741,0.00817112247559054,-6.424497861824398,0.03163908139544047
0.387993243434742,0.008171122529535151,-6.424497960632886,0.03163908186988874
0.387993252386417,0.008171122489431588,-6.424497886848874,0.03163908151581545
0.3879932587563806,0.008171122460419285,-6.424497835085459,0.0316390812663602
0.3879932578238347,0.008171122464425418,-6.424497843039766,0.03163908130415055
0.3879932574637951,0.008171122466465229,-6.424497845341035,0.03163908131614079
0.3879932534941548,0.008171122484422566,-6.424497877790312,0.03163908147224231
0.3879932533928263,0.008171122484881436,-6.424497878617881,0.03163908147622457
0.3879932619051275,0.008171122446013927,-6.424497809598601,0.03163908114339113
0.3879932394616874,0.008171122547366568,-6.424497993330935,0.0316390820268712
0.3879932533478517,0.008171122485083835,-6.424497878986999,0.03163908147799792
0.3879932528267206,0.00817112248743687,-6.424497883254066,0.03163908149851544
0.3879932596883826,0.008171122456330632,-6.424497827268008,0.03163908122903841
0.387993265559071,0.008171122429784657,-6.424497779261802,0.03163908099812281
0.3879932631454595,0.00817112244075122,-6.424497798916154,0.03163908109278053
0.3879932509997271,0.008171122495703365,-6.424497898185953,0.03163908157035121
0.3879932522002593,0.008171122490272591,-6.424497888372192,0.03163908152314082
0.3879932458283933,0.008171122518935668,-6.424497940709705,0.03163908177455703
0.3879932595927306,0.00817112245677743,-6.424497828027656,0.03163908123272444
0.3879932645731161,0.008171122434191125,-6.424497787404895,0.03163908103717632
0.3879932125825177,0.008171122654158152,-6.42449823616162,0.03163908316193016
0.3879932553387325,0.008171122476073139,-6.424497862720309,0.0316390813997346
0.3879932475717803,0.008171122511042319,-6.424497926469308,0.0316390817060364
0.3879932496811084,0.008171122501549517,-6.424497909150048,0.03163908162282947
0.3879932530918633,0.0081711224862418,-6.424497881079736,0.03163908148806514
0.3879932674202521,0.008171122421388993,-6.424497764010499,0.03163908092480745
0.3879932691462257,0.008171122413238037,-6.424497750438178,0.03163908085874823
0.3879932504246695,0.008171122498299137,-6.424497902894933,0.03163908159299207
0.3879932701472571,0.008171122408917288,-6.424497741930998,0.03163908081828775
0.3879932499981066,0.008171122500229918,-6.424497906380285,0.03163908160976121
0.3879932529751635,0.008171122486769929,-6.424497882033265,0.03163908149265281
0.3879932550059715,0.008171122477582027,-6.424497865434699,0.0316390814128004
0.3879932535008646,0.008171122484296255,-6.424497877884891,0.03163908147248261
0.3879932648395418,0.008171122433109863,-6.424497785033259,0.03163908102604447
0.3879932383929292,0.00817112255259997,-6.424498001444608,0.03163908206679485
0.3879932489337998,0.008171122504641307,-6.424497915709762,0.03163908165374005
0.3879932634417071,0.008171122438998375,-6.42449779713879,0.03163908108330718
0.3879932500592115,0.008171122499903764,-6.424497905958278,0.03163908160762003
0.3879932531783111,0.008171122485851064,-6.424497880372567,0.03163908148466411
0.3879932476047965,0.008171122510995788,-6.424497926038731,0.03163908170419497
0.3879932524748286,0.00817112248903183,-6.424497886125497,0.03163908151233569
0.3879932669117702,0.008171122423547337,-6.424497768388664,0.03163908094555187
0.3879932532311455,0.008171122485611037,-6.424497879942388,0.03163908148259208
0.387993255708109,0.008171122474408174,-6.424497859691494,0.0316390813851774
0.3879932661224356,0.00817112242726859,-6.424497774605588,0.03163908097579603
0.3879932516332718,0.008171122491583251,-6.424497894965214,0.03163908155205168
0.3879932525680697,0.00817112248861018,-6.424497885363403,0.03163908150866979
0.3879932485741281,0.008171122506041507,-6.42449791900389,0.03163908166907942
0.3879932552824903,0.008171122476335972,-6.424497863166708,0.03163908140190071
0.3879932534160646,0.008171122484775065,-6.4244978784298,0.03163908147531696
0.3879932690808757,0.008171122413911457,-6.424497750381958,0.03163908085932279
0.3879932556596442,0.008171122474627156,-6.424497860087611,0.03163908138708221
0.3879932546091006,0.008171122478596048,-6.424497869898957,0.03163908143252849
0.3879932609605247,0.008171122450622256,-6.424497816796715,0.03163908117876883
0.3879932522784325,0.008171122489919903,-6.424497887731519,0.03163908152006094
0.3879932456077581,0.008171122519321318,-6.424497943469216,0.03163908178646202
0.3879932523787322,0.008171122489462685,-6.424497886917068,0.03163908151613529
0.3879932534956921,0.008171122484414933,-6.424497877778936,0.03163908147218624
0.3879932651525107,0.00817112243113864,-6.424497783342452,0.03163908101666785
0.387993243186808,0.00817112253082283,-6.424497962400384,0.03163908187876311
0.3879932498611536,0.008171122500679501,-6.424497907764849,0.03163908161604177
0.3879932549707175,0.008171122477745815,-6.424497865716283,0.03163908141416474
0.3879932560958426,0.008171122472653929,-6.424497856522331,0.0316390813699312
0.3879932470555503,0.008171122513469433,-6.42449793054559,0.03163908172585138
0.387993240371763,0.008171122543671699,-6.424497985232783,0.03163908198885781
0.3879932534825261,0.00817112248447586,-6.424497877884134,0.03163908147269522
0.3879932535071419,0.008171122484364277,-6.4244978776833,0.0316390814717285
0.3879932491657205,0.00817112250388456,-6.424497913357339,0.03163908164307752
0.3879932650112227,0.00817112243225622,-6.424497783750098,0.03163908101969944
0.3879932553161505,0.008171122476180043,-6.424497862897372,0.03163908140059701
0.3879932528526306,0.008171122487323743,-6.424497883035707,0.03163908149747404
0.387993246064835,0.008171122517763932,-6.42449793893619,0.03163908176579689
0.3879932606974581,0.008171122451607388,-6.424497819266825,0.0316390811901931
0.3879932602432868,0.008171122453777564,-6.424497822798878,0.03163908120744312
0.387993244284569,0.008171122526013389,-6.424497953182527,0.0316390818347696
0.387993265397599,0.008171122430478192,-6.424497780639062,0.03163908100466584
0.3879932549613893,0.008171122477787899,-6.424497865792572,0.03163908141453142
0.3879932701585359,0.008171122409043313,-6.424497741562462,0.03163908081691089
0.3879932492022342,0.00817112250364895,-6.424497913168647,0.03163908164201217
0.3879932496998836,0.00817112250134557,-6.424497909182315,0.03163908162271854
0.3879932546409616,0.008171122479130223,-6.424497868579232,0.03163908142769725
0.3879932533648828,0.008171122485007726,-6.424497878846597,0.03163908147732452
0.3879932552340817,0.008171122476547235,-6.42449786357443,0.03163908140384473
0.3879932548573159,0.008171122478255905,-6.424497866647537,0.03163908141863821
0.3879932558963286,0.008171122473555075,-6.42449785815543,0.03163908137778397
0.3879932556225471,0.008171122474547935,-6.424497860777201,0.03163908138984715
0.3879932551225877,0.008171122477057874,-6.424497864476142,0.03163908140819689
0.3879932556007607,0.008171122474894368,-6.424497860568035,0.03163908138939534
0.3879932552687143,0.008171122476395957,-6.424497863283227,0.03163908140245598
0.3879932549215596,0.008171122477962631,-6.42449786612656,0.03163908141612594
0.3879932326230654,0.008171122572049256,-6.424498058995773,0.03163908232877208
0.3879932555208572,0.008171122475251697,-6.424497861227911,0.03163908139256055
0.3879932664693786,0.00817112242568736,-6.42449777178821,0.03163908096221613
0.387993254937514,0.008171122477856771,-6.424497866048711,0.03163908141567618
0.3879932529244366,0.008171122486991259,-6.424497882460614,0.03163908149469046
0.3879931905882871,0.00817112274212368,-6.42449843395247,0.03163908408763835
0.3879932525333801,0.008171122488253022,-6.424497886449354,0.03163908151274411
0.3879932629322049,0.008171122439772254,-6.42449780369435,0.03163908111141863
0.3879932664322766,0.008171122425599902,-6.424497772490025,0.03163908096502122
0.387993243079365,0.008171122531082797,-6.424497963631416,0.03163908188417965
0.3879932401301013,0.008171122544798574,-6.424497987155403,0.03163908199818215
0.3879932534290777,0.008171122484716466,-6.424497878323042,0.03163908147480402
0.387993256531359,0.008171122470685934,-6.424497852958814,0.03163908135279303
0.3879932706424216,0.008171122406860739,-6.424497737597161,0.03163908079784937
0.3879932622209396,0.008171122444107769,-6.424497807762521,0.03163908113349032
0.3879932599679662,0.008171122454786274,-6.424497825419199,0.03163908121951894
0.3879932478675628,0.008171122509092424,-6.424497925006511,0.03163908169763072
0.3879932550546693,0.008171122477366014,-6.424497865030112,0.03163908141086379
0.3879932555966827,0.008171122474910012,-6.42449786060592,0.03163908138957154
0.3879932685658605,0.008171122416083833,-6.424497754837666,0.03163908088040551
0.3879932422410126,0.008171122534965313,-6.424497970343705,0.03163908191667144
0.3879932534749032,0.008171122484508749,-6.424497877949238,0.03163908147300497
0.3879932581570989,0.008171122463320085,-6.424497839687791,0.03163908128892511
0.3879932555158967,0.008171122475278843,-6.424497861260758,0.03163908139272913
0.3879932601128699,0.008171122454311364,-6.424497823952517,0.03163908121286717
0.3879932521256302,0.008171122490609199,-6.424497888983721,0.03163908152608056
0.3879932520956719,0.008171122490743501,-6.424497889230675,0.03163908152726583
0.3879932691908713,0.008171122413231263,-6.424497749768053,0.031639080855961
0.3879932666609891,0.008171122424829402,-6.424497770208009,0.03163908095463439
0.3879932551909289,0.00817112247675035,-6.42449786391508,0.03163908140550121
0.3879932556657767,0.008171122474601189,-6.424497860035133,0.03163908138683382
0.3879932628287746,0.00817112244206736,-6.424497801686606,0.03163908110584759
0.3879932551167183,0.008171122477085582,-6.424497864522374,0.03163908140842182
0.387993252871128,0.008171122486420771,-6.424497884163788,0.03163908150106802
0.3879932446763527,0.008171122524245306,-6.424497949973305,0.0316390818193405
0.3879932678275648,0.008171122419534707,-6.424497760699232,0.03163908090885195
0.3879932554609812,0.008171122475525729,-6.424497861712164,0.03163908139489718
0.3879932554446686,0.008171122475601138,-6.424497861843048,0.03163908139553059
0.3879932551676356,0.008171122476851448,-6.424497864112011,0.03163908140643926
0.3879932416817554,0.008171122537738551,-6.424497974535278,0.03163908193738007
0.3879932531975889,0.008171122485762926,-6.424497880216442,0.03163908148391095
0.387993262341473,0.008171122444234201,-6.42449780572858,0.03163908112520816
0.3879932549203452,0.008171122477972944,-6.424497866128959,0.03163908141614826
0.3879932543996097,0.008171122480057431,-6.424497870808912,0.03163908143805519
0.3879932654305444,0.008171122430404534,-6.424497780252314,0.03163908100297389
0.3879932560662554,0.008171122472786676,-6.424497856766086,0.03163908137110114
0.3879932492531073,0.008171122503431456,-6.424497912733161,0.0316390816399455
0.3879932534469042,0.0081711224846365,-6.424497878175991,0.03163908147409817
0.3879932533029696,0.008171122485286848,-6.424497879353963,0.03163908147976321
0.3879932664572713,0.00817112242575558,-6.424497771866256,0.03163908096262192
0.3879932549414005,0.008171122477878719,-6.424497865955424,0.03163908141531568
0.3879932413374904,0.008171122538847215,-6.424497978050266,0.03163908195328567
0.3879932617890441,0.008171122446576343,-6.424497810489191,0.03163908114775874
0.3879932515423822,0.008171122493245316,-6.424497893754888,0.03163908154902766
0.3879932534147572,0.008171122484781223,-6.424497878440029,0.03163908147536673
0.3879932551376207,0.008171122476991173,-6.42449786435117,0.03163908140759852
0.3879932548845837,0.008171122477945752,-6.424497866716746,0.03163908141855327
0.3879932560590655,0.008171122472799715,-6.424497856855116,0.03163908137148575
0.3879932626488418,0.00817112244288855,-6.424497803146155,0.03163908111288545
0.3879932594703388,0.008171122457223998,-6.424497829195496,0.0316390812381029
0.3879932559111361,0.00817112247348999,-6.424497858031624,0.03163908137719283
0.3879932586281813,0.008171122460937878,-6.424497836229113,0.03163908127172466
0.387993260706989,0.008171122451761601,-6.424497818880756,0.03163908118877716
0.3879932550368422,0.008171122477440515,-6.424497865185186,0.03163908141159591
0.3879932385096853,0.008171122551982171,-6.42449800063007,0.031639082062676
0.3879932550256657,0.008171122477497584,-6.424497865266141,0.03163908141200004
0.3879932660028976,0.008171122427780734,-6.424497775627551,0.03163908098064835
0.3879932700777655,0.008171122409428491,-6.424497742191307,0.03163908081998019
0.387993253432684,0.008171122484700361,-6.42449787829332,0.03163908147466151
0.3879932484845571,0.008171122506645727,-6.424497919425449,0.03163908167155254
0.3879932629625105,0.008171122441593508,-6.424497800388421,0.0316390810998958
0.387993252786032,0.008171122487623342,-6.42449788358266,0.03163908150010154
0.3879932528797476,0.008171122486823367,-6.42449788340384,0.03163908149840015
0.3879932505594376,0.008171122497454103,-6.424497902160769,0.03163908158893357
0.3879932560049565,0.008171122473038783,-6.424497857306367,0.03163908137364399
0.3879932633250514,0.008171122439796655,-6.424497797669665,0.03163908108646636
0.3879932575604934,0.008171122465960122,-6.424497844656271,0.03163908131269519
0.3879932405309563,0.008171122541957822,-6.424497985483016,0.03163908198783873
0.3879932552385062,0.008171122476532391,-6.424497863530377,0.03163908140364446
0.3879932530504106,0.008171122486429859,-6.42449788141786,0.03163908148969317
0.3879932530632225,0.008171122486370412,-6.424497881315428,0.03163908148919708
0.3879932550386654,0.008171122477438827,-6.424497865160381,0.03163908141149142
0.3879932532073468,0.008171122485712565,-6.424497880146285,0.03163908148355939
0.3879932573287146,0.00817112246705843,-6.424497846473223,0.03163908132154734
0.3879932554848851,0.008171122475418248,-6.424497861515843,0.03163908139395422
0.3879932608575238,0.008171122450518997,-6.424497818527538,0.03163908118582169
0.3879932534547265,0.008171122484600425,-6.424497878113527,0.03163908147379613
0.3879932603912968,0.008171122453134111,-6.424497821548105,0.03163908120148454
0.3879932624508072,0.00817112244381866,-6.424497804711462,0.03163908112049189
0.3879932554369064,0.008171122475634519,-6.424497861909395,0.03163908139584573
0.3879932661855767,0.008171122426967842,-6.424497774113369,0.03163908097339438
0.3879932435683202,0.008171122529183963,-6.424497959145972,0.03163908186330211
0.3879932412987825,0.008171122539507343,-6.424497977609111,0.03163908195224834
0.3879932549530989,0.008171122477824007,-6.424497865862554,0.03163908141486502
0.3879932540734685,0.008171122481261874,-6.424497873898104,0.03163908145231016
0.3879932627806925,0.008171122442409931,-6.4244978018845,0.03163908110707939
0.3879932533748504,0.008171122484962667,-6.424497878764914,0.03163908147693177
0.3879932560973824,0.008171122472647802,-6.424497856508365,0.03163908136986586
0.3879932552501,0.008171122476482452,-6.424497863431614,0.0316390814031751
0.3879932530407606,0.008171122486469768,-6.424497881502653,0.03163908149009251
0.3879932699885337,0.008171122409625749,-6.42449774324324,0.03163908082457895
0.3879932045135421,0.008171122684957781,-6.424498311023417,0.03163908350930762
0.3879932615863532,0.008171122447789928,-6.424497811682688,0.03163908115416408
0.3879932548651823,0.008171122478219543,-6.42449786658479,0.03163908141833449
0.3879932683632268,0.00817112241716101,-6.42449775624325,0.03163908088752648
